Date;Time;Still;Tilting;Walking;Running;In a vehicle;On a bicycle
09-02-2021;01:00:11;59;0;0;0;0;0
09-02-2021;02:00:11;60;0;0;0;0;0
09-02-2021;03:00:11;60;0;0;0;0;0
09-02-2021;04:00:11;60;0;0;0;0;0
09-02-2021;05:00:11;60;0;0;0;0;0
09-02-2021;06:00:39;59;0;0;0;0;0
09-02-2021;07:00:39;60;0;0;0;0;0
09-02-2021;08:00:39;59;0;0;0;0;0
09-02-2021;09:00:48;49;10;0;0;0;0
09-02-2021;10:00:48;24;35;0;0;0;0
09-02-2021;11:00:13;3;29;26;0;0;0
09-02-2021;12:00:04;40;20;0;0;0;0
09-02-2021;13:03:11;55;3;1;0;0;0
09-02-2021;14:00:16;25;25;8;0;0;0
09-02-2021;15:00:32;28;30;2;0;0;0
09-02-2021;16:00:17;4;34;19;0;0;0
09-02-2021;17:00:14;60;0;0;0;0;0
09-02-2021;18:00:41;35;24;0;0;0;0
09-02-2021;19:00:39;0;59;0;0;0;0
09-02-2021;20:00:52;15;23;22;0;0;0
09-02-2021;21:00:34;4;54;0;0;0;0
09-02-2021;22:00:11;0;60;0;0;0;0
09-02-2021;23:00:34;0;59;0;0;0;0
09-02-2021;24:00:00;1;57;0;0;0;0
10-02-2021;01:00:27;7;52;0;0;0;0
10-02-2021;02:00:21;9;50;0;0;0;0
10-02-2021;03:00:02;50;10;0;0;0;0
10-02-2021;04:00:35;60;0;0;0;0;0
10-02-2021;05:00:35;60;0;0;0;0;0
10-02-2021;06:00:39;60;0;0;0;0;0
10-02-2021;07:00:00;60;0;0;0;0;0
10-02-2021;08:00:00;60;0;0;0;0;0
10-02-2021;09:00:39;60;0;0;0;0;0
10-02-2021;10:02:32;46;11;1;0;0;0
10-02-2021;11:00:11;3;57;0;0;0;0
10-02-2021;12:00:32;26;22;11;0;0;0
10-02-2021;13:00:32;60;0;0;0;0;0
10-02-2021;14:44:10;45;15;0;0;0;0
10-02-2021;15:04:38;0;60;0;0;0;0
10-02-2021;16:40:41;8;23;28;0;0;0
10-02-2021;17:09:15;7;51;0;0;0;0
10-02-2021;18:00:16;21;31;10;0;0;0
10-02-2021;19:00:15;9;49;0;0;0;0
10-02-2021;20:00:27;44;14;0;0;0;0
10-02-2021;21:00:07;44;15;0;0;0;0
10-02-2021;22:00:12;0;60;0;0;0;0
10-02-2021;23:00:19;0;60;0;0;0;0
10-02-2021;24:00:00;5;53;0;0;0;0
11-02-2021;01:00:47;60;0;0;0;0;0
11-02-2021;02:00:47;59;0;0;0;0;0
11-02-2021;03:00:46;59;0;0;0;0;0
11-02-2021;04:00:00;60;0;0;0;0;0
11-02-2021;05:05:46;60;0;0;0;0;0
11-02-2021;06:00:00;60;0;0;0;0;0
11-02-2021;07:00:46;60;0;0;0;0;0
11-02-2021;08:00:53;0;59;0;0;0;0
11-02-2021;09:00:01;0;60;0;0;0;0
11-02-2021;10:03:11;1;58;0;0;0;0
11-02-2021;11:00:31;56;2;0;0;0;0
11-02-2021;12:00:06;34;23;2;0;0;0
11-02-2021;13:00:06;40;20;0;0;0;0
11-02-2021;014:00:00;60;0;0;0;0;0
11-02-2021;015:00:00;60;0;0;0;0;0
11-02-2021;16:00:48;60;0;0;0;0;0
11-02-2021;17:02:33;46;13;0;0;0;0
11-02-2021;18:00:37;4;36;19;0;0;0
11-02-2021;19:00:13;27;9;22;0;0;0
11-02-2021;20:00:01;59;0;0;0;0;0
11-02-2021;21:00:21;60;0;0;0;0;0
11-02-2021;22:00:15;59;0;0;0;0;0
11-02-2021;23:00:15;60;0;0;0;0;0
11-02-2021;24:00:00;59;0;0;0;0;0
12-02-2021;01:00:00;7;51;0;0;0;0
12-02-2021;02:00:00;60;0;0;0;0;0
12-02-2021;03:00:00;60;0;0;0;0;0
12-02-2021;04:00:00;60;0;0;0;0;0
12-02-2021;05:00:00;60;0;0;0;0;0
12-02-2021;06:45:14;60;0;0;0;0;0
12-02-2021;07:00:00;60;0;0;0;0;0
12-02-2021;08:00:05;60;0;0;0;0;0
12-02-2021;09:00:05;59;0;0;0;0;0
12-02-2021;10:00:39;49;7;3;0;0;0
12-02-2021;11:00:06;12;21;24;0;0;0
12-02-2021;12:00:20;13;47;0;0;0;0
12-02-2021;13:33:10;44;14;0;0;0;0
12-02-2021;14:20:24;60;0;0;0;0;0
12-02-2021;15:19:30;38;21;0;0;0;0
12-02-2021;16:00:33;32;22;5;0;0;0
12-02-2021;017:00:00;60;0;0;0;0;0
12-02-2021;18:00:33;60;0;0;0;0;0
12-02-2021;19:00:01;58;0;0;0;0;0
12-02-2021;20:00:43;2;58;0;0;0;0
12-02-2021;021:00:00;0;60;0;0;0;0
12-02-2021;022:00:00;0;60;0;0;0;0
12-02-2021;23:00:43;0;60;0;0;0;0
12-02-2021;24:00:00;45;14;0;0;0;0
13-02-2021;01:11:16;25;33;0;0;0;0
13-02-2021;02:00:00;40;19;0;0;0;0
13-02-2021;03:15:53;60;0;0;0;0;0
13-02-2021;04:00:00;60;0;0;0;0;0
13-02-2021;05:05:54;60;0;0;0;0;0
13-02-2021;06:00:00;60;0;0;0;0;0
13-02-2021;07:00:00;60;0;0;0;0;0
13-02-2021;08:00:05;60;0;0;0;0;0
13-02-2021;09:00:04;41;17;0;0;0;0
13-02-2021;10:00:54;0;59;3;0;0;0
13-02-2021;11:05:06;0;56;2;0;0;0
13-02-2021;12:00:09;32;12;16;0;0;0
13-02-2021;13:00:09;59;0;0;0;0;0
13-02-2021;14:00:38;34;4;20;0;0;0
13-02-2021;15:00:03;36;11;9;0;0;0
13-02-2021;16:00:53;50;12;0;0;0;0
13-02-2021;17:00:57;9;49;0;0;0;0
13-02-2021;18:00:18;25;32;0;0;0;0
13-02-2021;19:00:35;41;16;3;0;0;0
13-02-2021;20:00:35;58;0;0;0;0;0
13-02-2021;21:00:35;60;0;0;0;0;0
13-02-2021;22:00:35;58;0;0;0;0;0
13-02-2021;23:00:08;47;13;0;0;0;0
13-02-2021;24:00:00;5;54;0;0;0;0
14-02-2021;01:00:44;21;38;0;0;0;0
14-02-2021;02:00:47;60;0;0;0;0;0
14-02-2021;03:00:47;60;0;0;0;0;0
14-02-2021;04:00:47;60;0;0;0;0;0
14-02-2021;05:00:00;60;0;0;0;0;0
14-02-2021;06:00:00;60;0;0;0;0;0
14-02-2021;07:00:00;60;0;0;0;0;0
14-02-2021;08:00:05;60;0;0;0;0;0
14-02-2021;09:39:36;0;60;0;0;0;0
14-02-2021;10:18:30;0;60;0;0;0;0
14-02-2021;11:40:16;11;46;1;0;0;0
14-02-2021;12:38:59;29;25;5;0;0;0
14-02-2021;13:01:59;60;0;0;0;0;0
14-02-2021;14:00:59;60;0;0;0;0;0
14-02-2021;15:00:20;3;31;24;0;0;0
14-02-2021;16:00:12;5;54;0;0;0;0
14-02-2021;17:01:17;44;15;0;0;0;0
14-02-2021;18:00:39;0;58;0;0;0;0
14-02-2021;19:00:27;19;37;3;0;0;0
14-02-2021;20:01:27;11;29;18;0;0;0
14-02-2021;21:00:38;13;41;5;0;0;0
14-02-2021;22:00:40;15;41;4;0;0;0
14-02-2021;23:00:36;8;28;22;0;0;0
14-02-2021;24:00:00;0;60;0;0;0;0
15-02-2021;01:00:55;19;40;1;0;0;0
15-02-2021;02:00:00;60;0;0;0;0;0
15-02-2021;03:00:00;60;0;0;0;0;0
15-02-2021;04:00:55;60;0;0;0;0;0
15-02-2021;05:00:00;60;0;0;0;0;0
15-02-2021;06:00:51;60;0;0;0;0;0
15-02-2021;07:00:18;60;0;0;0;0;0
15-02-2021;08:00:27;22;36;0;0;0;0
15-02-2021;09:00:00;51;9;0;0;0;0
15-02-2021;10:02:33;0;60;0;0;0;0
15-02-2021;11:01:15;36;20;2;0;0;0
15-02-2021;12:33:02;54;5;0;0;0;0
15-02-2021;13:04:16;55;4;0;0;0;0
15-02-2021;14:14:17;16;0;42;0;0;0
15-02-2021;15:00:44;16;25;18;0;0;0
15-02-2021;16:57:45;37;6;15;0;0;0
15-02-2021;17:00:42;58;0;0;0;0;0
15-02-2021;18:00:06;6;51;0;0;0;0
15-02-2021;19:00:47;41;19;0;0;0;0
15-02-2021;20:00:48;40;19;0;0;0;0
15-02-2021;21:00:29;48;10;0;0;0;0
15-02-2021;22:00:29;60;0;0;0;0;0
15-02-2021;23:00:20;28;31;0;0;0;0
15-02-2021;24:00:00;6;52;2;0;0;0
16-02-2021;01:00:09;60;0;0;0;0;0
16-02-2021;02:00:09;60;0;0;0;0;0
16-02-2021;03:00:47;60;0;0;0;0;0
16-02-2021;04:00:00;60;0;0;0;0;0
16-02-2021;05:00:00;60;0;0;0;0;0
16-02-2021;06:00:58;60;0;0;0;0;0
16-02-2021;07:23:52;58;1;0;0;0;0
16-02-2021;08:00:13;9;50;0;0;0;0
16-02-2021;09:00:58;0;60;0;0;0;0
16-02-2021;10:00:26;21;26;12;0;0;0
16-02-2021;11:02:14;10;32;18;0;0;0
16-02-2021;12:00:07;60;0;0;0;0;0
16-02-2021;13:00:31;47;12;0;0;0;0
16-02-2021;14:02:31;59;0;0;0;0;0
16-02-2021;15:07:57;49;5;4;0;0;0
16-02-2021;16:00:11;51;6;0;0;0;0
16-02-2021;17:00:18;22;22;14;0;0;0
16-02-2021;18:00:18;60;0;0;0;0;0
16-02-2021;19:00:03;60;0;0;0;0;0
16-02-2021;20:00:47;54;0;6;0;0;0
16-02-2021;21:00:47;0;0;59;0;0;0
16-02-2021;22:00:01;36;0;23;0;0;0
16-02-2021;23:00:59;60;0;0;0;0;0
16-02-2021;24:00:00;50;9;0;0;0;0
17-02-2021;01:00:03;50;8;0;0;0;0
17-02-2021;02:00:03;60;0;0;0;0;0
17-02-2021;03:00:03;60;0;0;0;0;0
17-02-2021;04:00:15;60;0;0;0;0;0
17-02-2021;05:00:00;60;0;0;0;0;0
17-02-2021;06:00:00;60;0;0;0;0;0
17-02-2021;07:00:30;60;0;0;0;0;0
17-02-2021;08:00:06;47;12;0;0;0;0
17-02-2021;09:00:06;0;60;0;0;0;0
17-02-2021;10:00:39;8;45;5;0;0;0
17-02-2021;11:10:57;5;0;54;0;0;0
17-02-2021;12:00:40;16;44;0;0;0;0
17-02-2021;13:00:40;0;60;0;0;0;0
17-02-2021;14:00:02;21;25;13;0;0;0
17-02-2021;15:00:02;60;0;0;0;0;0
17-02-2021;16:02:21;24;27;8;0;0;0
17-02-2021;17:00:30;59;0;0;0;0;0
17-02-2021;18:00:11;31;29;0;0;0;0
17-02-2021;19:00:09;28;31;2;0;0;0
17-02-2021;20:00:28;23;36;0;0;0;0
17-02-2021;21:00:30;60;0;0;0;0;0
17-02-2021;22:00:30;60;0;0;0;0;0
17-02-2021;23:00:15;51;8;0;0;0;0
17-02-2021;24:00:00;4;54;0;0;0;0
18-02-2021;01:00:59;60;0;0;0;0;0
18-02-2021;02:00:13;60;0;0;0;0;0
18-02-2021;03:00:13;60;0;0;0;0;0
18-02-2021;04:00:44;60;0;0;0;0;0
18-02-2021;05:00:44;60;0;0;0;0;0
18-02-2021;06:01:44;60;0;0;0;0;0
18-02-2021;07:00:00;60;0;0;0;0;0
18-02-2021;08:00:35;60;0;0;0;0;0
18-02-2021;09:00:30;8;51;0;0;0;0
18-02-2021;10:01:51;2;49;7;0;0;0
18-02-2021;11:00:51;0;60;0;0;0;0
18-02-2021;12:00:51;0;60;0;0;0;0
18-02-2021;13:01:00;16;36;6;0;0;0
18-02-2021;14:00:41;59;0;0;0;0;0
18-02-2021;15:00:18;59;0;0;0;0;0
18-02-2021;16:01:02;23;8;29;0;0;0
18-02-2021;17:00:39;59;0;0;0;0;0
18-02-2021;18:00:38;35;0;25;0;0;0
18-02-2021;19:00:57;41;0;18;0;0;0
18-02-2021;20:00:02;60;0;0;0;0;0
18-02-2021;21:00:02;60;0;0;0;0;0
18-02-2021;22:00:59;17;43;0;0;0;0
18-02-2021;23:00:28;0;59;0;0;0;0
18-02-2021;24:00:00;12;48;0;0;0;0
19-02-2021;01:00:31;60;0;0;0;0;0
19-02-2021;02:00:31;60;0;0;0;0;0
19-02-2021;03:00:41;60;0;0;0;0;0
19-02-2021;04:00:02;60;0;0;0;0;0
19-02-2021;05:00:02;60;0;0;0;0;0
19-02-2021;06:00:02;60;0;0;0;0;0
19-02-2021;07:00:49;60;0;0;0;0;0
19-02-2021;08:00:33;42;17;0;0;0;0
19-02-2021;09:00:57;6;54;0;0;0;0
19-02-2021;10:00:47;41;9;9;0;0;0
19-02-2021;11:00:47;60;0;0;0;0;0
19-02-2021;12:00:47;60;0;0;0;0;0
19-02-2021;13:00:47;60;0;0;0;0;0
19-02-2021;14:00:09;3;35;19;0;0;0
19-02-2021;15:00:17;2;58;0;0;0;0
19-02-2021;16:00:11;14;45;0;0;0;0
19-02-2021;17:00:32;38;22;0;0;0;0
19-02-2021;18:00:03;30;29;0;0;0;0
19-02-2021;19:01:13;0;55;5;0;0;0
19-02-2021;20:00:16;60;0;0;0;0;0
19-02-2021;21:00:06;60;0;0;0;0;0
19-02-2021;22:00:45;49;10;0;0;0;0
19-02-2021;23:00:45;60;0;0;0;0;0
19-02-2021;24:00:00;4;55;0;0;0;0
20-02-2021;01:01:31;13;46;0;0;0;0
20-02-2021;02:00:04;60;0;0;0;0;0
20-02-2021;03:00:04;60;0;0;0;0;0
20-02-2021;04:00:38;60;0;0;0;0;0
20-02-2021;05:00:18;60;0;0;0;0;0
20-02-2021;06:00:18;60;0;0;0;0;0
20-02-2021;07:00:00;60;0;0;0;0;0
20-02-2021;08:00:18;60;0;0;0;0;0
20-02-2021;09:00:51;51;8;0;0;0;0
20-02-2021;10:00:46;17;42;0;0;0;0
20-02-2021;11:00:24;47;13;0;0;0;0
20-02-2021;12:00:52;42;17;0;0;0;0
20-02-2021;13:00:07;0;58;1;0;0;0
20-02-2021;14:00:48;56;4;0;0;0;0
20-02-2021;15:00:54;41;18;0;0;0;0
20-02-2021;16:00:54;60;0;0;0;0;0
20-02-2021;17:01:55;9;16;33;0;0;0
20-02-2021;18:00:43;60;0;0;0;0;0
20-02-2021;19:00:07;57;0;2;0;0;0
20-02-2021;20:00:07;60;0;0;0;0;0
20-02-2021;021:00:00;0;60;0;0;0;0
20-02-2021;22:01:02;0;60;0;0;0;0
20-02-2021;23:00:04;48;2;7;0;0;0
20-02-2021;24:00:00;43;17;0;0;0;0
21-02-2021;01:00:56;57;3;0;0;0;0
21-02-2021;02:00:08;60;0;0;0;0;0
21-02-2021;03:00:08;60;0;0;0;0;0
21-02-2021;04:00:08;60;0;0;0;0;0
21-02-2021;05:00:00;60;0;0;0;0;0
21-02-2021;06:00:00;60;0;0;0;0;0
21-02-2021;07:00:06;60;0;0;0;0;0
21-02-2021;08:00:00;18;42;0;0;0;0
21-02-2021;09:00:00;0;60;0;0;0;0
21-02-2021;10:01:09;0;60;0;0;0;0
21-02-2021;11:00:22;34;11;13;0;0;0
21-02-2021;12:00:04;9;34;15;0;0;0
21-02-2021;13:00:04;60;0;0;0;0;0
21-02-2021;14:02:07;7;52;0;0;0;0
21-02-2021;15:00:20;21;7;31;0;0;0
21-02-2021;16:00:21;27;32;0;0;0;0
21-02-2021;17:00:43;60;0;0;0;0;0
21-02-2021;18:00:50;11;17;31;0;0;0
21-02-2021;19:00:50;26;2;31;0;0;0
21-02-2021;20:00:50;60;0;0;0;0;0
21-02-2021;21:00:40;24;35;0;0;0;0
21-02-2021;22:00:40;60;0;0;0;0;0
21-02-2021;23:00:36;1;57;0;0;0;0
21-02-2021;24:00:00;60;0;0;0;0;0
22-02-2021;01:00:30;60;0;0;0;0;0
22-02-2021;02:00:30;60;0;0;0;0;0
22-02-2021;03:00:17;60;0;0;0;0;0
22-02-2021;04:00:00;60;0;0;0;0;0
22-02-2021;05:00:00;60;0;0;0;0;0
22-02-2021;06:02:35;60;0;0;0;0;0
22-02-2021;07:00:35;60;0;0;0;0;0
22-02-2021;08:01:33;3;50;5;0;0;0
22-02-2021;09:00:02;5;55;0;0;0;0
22-02-2021;10:00:07;31;15;13;0;0;0
22-02-2021;11:00:07;60;0;0;0;0;0
22-02-2021;12:00:33;59;0;0;0;0;0
22-02-2021;13:00:17;52;6;0;0;0;0
22-02-2021;14:01:17;0;60;0;0;0;0
22-02-2021;15:00:37;13;15;33;0;0;0
22-02-2021;16:00:20;1;57;0;0;0;0
22-02-2021;17:00:20;60;0;0;0;0;0
22-02-2021;18:00:43;22;36;0;0;0;0
22-02-2021;19:05:18;1;50;7;0;0;0
22-02-2021;20:00:25;57;3;0;0;0;0
22-02-2021;21:00:50;60;0;0;0;0;0
22-02-2021;22:00:50;60;0;0;0;0;0
22-02-2021;23:01:01;60;0;0;0;0;0
22-02-2021;24:00:00;60;0;0;0;0;0
23-02-2021;01:00:08;59;0;0;0;0;0
23-02-2021;02:00:02;60;0;0;0;0;0
23-02-2021;03:00:02;60;0;0;0;0;0
23-02-2021;04:00:00;60;0;0;0;0;0
23-02-2021;05:00:00;60;0;0;0;0;0
23-02-2021;06:00:24;60;0;0;0;0;0
23-02-2021;07:00:02;60;0;0;0;0;0
23-02-2021;08:00:15;56;4;0;0;0;0
23-02-2021;09:02:07;1;57;0;0;0;0
23-02-2021;10:03:07;15;25;20;0;0;0
23-02-2021;11:00:18;50;1;7;0;0;0
23-02-2021;12:00:18;60;0;0;0;0;0
23-02-2021;13:00:15;60;0;0;0;0;0
23-02-2021;14:00:18;60;0;0;0;0;0
23-02-2021;15:00:18;60;0;0;0;0;0
23-02-2021;16:00:40;27;30;1;0;0;0
23-02-2021;17:00:06;25;5;30;0;0;0
23-02-2021;18:01:47;1;59;0;0;0;0
23-02-2021;19:00:25;40;4;12;0;0;0
23-02-2021;20:00:51;60;0;0;0;0;0
23-02-2021;21:00:51;0;60;0;0;0;0
23-02-2021;22:00:07;28;30;0;0;0;0
23-02-2021;23:00:01;60;0;0;0;0;0
23-02-2021;24:00:00;37;0;22;0;0;0
24-02-2021;01:00:58;60;0;0;0;0;0
24-02-2021;02:00:58;60;0;0;0;0;0
24-02-2021;03:00:58;60;0;0;0;0;0
24-02-2021;04:00:00;60;0;0;0;0;0
24-02-2021;05:00:00;60;0;0;0;0;0
24-02-2021;06:00:26;60;0;0;0;0;0
24-02-2021;07:00:16;60;0;0;0;0;0
24-02-2021;08:00:46;60;0;0;0;0;0
24-02-2021;09:00:46;60;0;0;0;0;0
24-02-2021;10:00:47;42;12;5;0;0;0
24-02-2021;11:02:47;60;0;0;0;0;0
24-02-2021;12:00:21;60;0;0;0;0;0
24-02-2021;13:00:21;60;0;0;0;0;0
24-02-2021;14:00:35;12;47;0;0;0;0
24-02-2021;15:02:39;8;15;34;0;1;0
24-02-2021;16:00:37;44;12;0;0;0;2
24-02-2021;17:00:37;60;0;0;0;0;0
24-02-2021;18:00:49;9;50;0;0;0;0
24-02-2021;19:00:58;8;51;0;0;0;0
24-02-2021;20:00:44;29;29;0;0;0;0
24-02-2021;21:00:24;53;7;0;0;0;0
24-02-2021;22:00:12;37;11;11;0;0;0
24-02-2021;23:00:12;60;0;0;0;0;0
24-02-2021;24:00:00;29;30;0;0;0;0
25-02-2021;01:00:44;60;0;0;0;0;0
25-02-2021;02:00:44;60;0;0;0;0;0
25-02-2021;03:00:44;60;0;0;0;0;0
25-02-2021;04:00:00;60;0;0;0;0;0
25-02-2021;05:00:00;60;0;0;0;0;0
25-02-2021;06:00:05;60;0;0;0;0;0
25-02-2021;07:00:05;60;0;0;0;0;0
25-02-2021;08:01:13;5;51;0;0;0;0
25-02-2021;09:00:13;10;54;0;0;0;0
25-02-2021;10:00:36;42;12;4;0;0;0
25-02-2021;11:00:36;60;0;0;0;0;0
25-02-2021;12:04:36;60;0;0;0;0;0
25-02-2021;13:00:24;0;60;0;0;0;0
25-02-2021;14:00:58;0;60;0;0;0;0
25-02-2021;15:00:00;14;40;5;0;0;0
25-02-2021;16:00:00;60;0;0;0;0;0
25-02-2021;17:00:24;44;10;0;0;3;0
25-02-2021;18:00:01;26;34;0;0;0;0
25-02-2021;19:00:55;44;15;0;0;0;0
25-02-2021;20:00:34;5;54;0;0;0;0
25-02-2021;21:00:32;47;11;0;0;0;0
25-02-2021;22:00:32;60;0;0;0;0;0
25-02-2021;23:00:32;60;0;0;0;0;0
25-02-2021;24:00:00;9;46;2;0;0;0
26-02-2021;01:00:32;60;0;0;0;0;0
26-02-2021;02:00:32;60;0;0;0;0;0
26-02-2021;03:00:32;60;0;0;0;0;0
26-02-2021;04:00:00;60;0;0;0;0;0
26-02-2021;05:00:00;60;0;0;0;0;0
26-02-2021;06:00:43;60;0;0;0;0;0
26-02-2021;07:00:43;60;0;0;0;0;0
26-02-2021;08:00:37;3;47;7;0;0;0
26-02-2021;09:00:19;4;55;0;0;0;0
26-02-2021;10:00:39;24;35;0;0;0;0
26-02-2021;11:00:03;60;0;0;0;0;0
26-02-2021;12:00:03;60;0;0;0;0;0
26-02-2021;13:00:05;60;0;0;0;0;0
26-02-2021;14:00:49;0;42;17;0;0;0
26-02-2021;15:00:36;9;41;10;0;0;0
26-02-2021;16:00:48;55;4;0;0;0;0
26-02-2021;17:01:30;35;8;0;0;15;0
26-02-2021;18:00:28;0;58;0;0;2;0
26-02-2021;19:00:27;52;6;0;0;0;0
26-02-2021;20:00:27;60;0;0;0;0;0
26-02-2021;21:00:27;60;0;0;0;0;0
26-02-2021;22:00:44;19;0;40;0;0;0
26-02-2021;23:00:36;46;0;12;0;0;0
26-02-2021;24:00:00;60;0;0;0;0;0
27-02-2021;01:00:20;32;27;0;0;0;0
27-02-2021;02:00:57;60;0;0;0;0;0
27-02-2021;03:00:57;60;0;0;0;0;0
27-02-2021;04:00:37;60;0;0;0;0;0
27-02-2021;05:00:00;60;0;0;0;0;0
27-02-2021;06:00:00;60;0;0;0;0;0
27-02-2021;07:00:37;60;0;0;0;0;0
27-02-2021;08:00:03;60;0;0;0;0;0
27-02-2021;09:00:53;60;0;0;0;0;0
27-02-2021;10:02:47;9;24;26;0;0;0
27-02-2021;11:00:03;50;6;3;0;0;0
27-02-2021;12:00:03;60;0;0;0;0;0
27-02-2021;13:00:03;60;0;0;0;0;0
27-02-2021;14:00:11;31;28;0;0;0;0
27-02-2021;15:00:31;7;17;34;0;0;0
27-02-2021;16:00:18;60;0;0;0;0;0
27-02-2021;17:00:41;16;43;0;0;0;0
27-02-2021;18:00:29;1;58;0;0;0;0
27-02-2021;19:00:32;9;51;0;0;0;0
27-02-2021;20:00:52;39;19;1;0;0;0
27-02-2021;21:00:52;60;0;0;0;0;0
27-02-2021;22:00:52;60;0;0;0;0;0
27-02-2021;23:00:35;36;2;19;0;0;0
27-02-2021;24:00:00;60;0;0;0;0;0
28-02-2021;01:01:05;60;0;0;0;0;0
28-02-2021;02:01:05;60;0;0;0;0;0
28-02-2021;03:00:00;60;0;0;0;0;0
28-02-2021;04:00:00;60;0;0;0;0;0
28-02-2021;05:00:58;60;0;0;0;0;0
28-02-2021;06:01:58;60;0;0;0;0;0
28-02-2021;07:00:00;60;0;0;0;0;0
28-02-2021;08:00:00;60;0;0;0;0;0
28-02-2021;09:01:58;60;0;0;0;0;0
28-02-2021;10:01:29;45;12;3;0;0;0
28-02-2021;11:00:29;60;0;0;0;0;0
28-02-2021;12:00:29;38;12;9;0;0;0
28-02-2021;13:00:16;58;2;0;0;0;0
28-02-2021;14:00:50;39;15;4;0;0;0
28-02-2021;15:00:00;42;15;3;0;0;0
28-02-2021;16:00:11;60;0;0;0;0;0
28-02-2021;17:00:19;54;5;0;0;0;0
28-02-2021;18:00:01;30;6;23;0;0;0
28-02-2021;19:00:01;16;28;13;0;0;0
28-02-2021;20:01:09;60;0;0;0;0;0
28-02-2021;21:00:43;60;0;0;0;0;0
28-02-2021;22:00:12;60;0;0;0;0;0
28-02-2021;23:00:12;60;0;0;0;0;0
28-02-2021;24:00:00;42;17;0;0;0;0
01-03-2021;01:00:23;34;25;0;0;0;0
01-03-2021;02:00:12;60;0;0;0;0;0
01-03-2021;03:00:12;60;0;0;0;0;0
01-03-2021;04:01:18;60;0;0;0;0;0
01-03-2021;05:00:00;60;0;0;0;0;0
01-03-2021;06:00:00;60;0;0;0;0;0
01-03-2021;07:00:31;60;0;0;0;0;0
01-03-2021;08:00:55;60;0;0;0;0;0
01-03-2021;09:00:31;60;0;0;0;0;0
01-03-2021;10:00:40;23;23;12;0;0;0
01-03-2021;11:00:55;57;2;0;0;0;0
01-03-2021;12:00:55;60;0;0;0;0;0
01-03-2021;13:00:55;60;0;0;0;0;0
01-03-2021;14:00:08;60;0;0;0;0;0
01-03-2021;15:00:08;1;59;0;0;0;0
01-03-2021;16:00:54;6;14;38;0;0;0
01-03-2021;17:00:22;16;43;0;0;0;0
01-03-2021;18:00:44;20;39;0;0;0;0
01-03-2021;19:00:19;42;6;10;0;0;0
01-03-2021;20:00:19;60;0;0;0;0;0
01-03-2021;21:00:06;60;0;0;0;0;0
01-03-2021;22:00:36;60;0;0;0;0;0
01-03-2021;23:00:36;60;0;0;0;0;0
01-03-2021;24:00:00;48;12;0;0;0;0
02-03-2021;01:00:35;34;23;2;0;0;0
02-03-2021;02:00:35;60;0;0;0;0;0
02-03-2021;03:00:35;60;0;0;0;0;0
02-03-2021;04:00:06;60;0;0;0;0;0
02-03-2021;05:00:00;60;0;0;0;0;0
02-03-2021;06:00:00;60;0;0;0;0;0
02-03-2021;07:00:55;60;0;0;0;0;0
02-03-2021;08:02:49;37;17;4;0;0;0
02-03-2021;09:00:35;51;3;5;0;0;0
02-03-2021;10:00:30;24;32;3;0;0;0
02-03-2021;11:00:46;23;27;8;0;0;1
02-03-2021;12:00:16;18;35;7;0;0;0
02-03-2021;13:00:59;60;0;0;0;0;0
02-03-2021;14:00:21;43;10;5;0;0;0
02-03-2021;15:00:06;60;0;0;0;0;0
02-03-2021;16:00:36;39;21;0;0;0;0
02-03-2021;17:00:33;28;14;16;0;0;0
02-03-2021;18:00:34;60;0;0;0;0;0
02-03-2021;19:00:34;60;0;0;0;0;0
02-03-2021;20:00:31;60;0;0;0;0;0
02-03-2021;21:00:31;60;0;0;0;0;0
02-03-2021;22:00:08;59;1;0;0;0;0
02-03-2021;23:00:31;12;48;0;0;0;0
02-03-2021;24:00:00;39;21;0;0;0;0
03-03-2021;01:00:39;57;1;1;0;0;0
03-03-2021;02:00:00;60;0;0;0;0;0
03-03-2021;03:00:00;60;0;0;0;0;0
03-03-2021;04:00:00;60;0;0;0;0;0
03-03-2021;05:00:00;60;0;0;0;0;0
03-03-2021;06:01:21;60;0;0;0;0;0
03-03-2021;07:00:00;60;0;0;0;0;0
03-03-2021;08:00:00;60;0;0;0;0;0
03-03-2021;09:00:37;48;7;5;0;0;0
03-03-2021;10:00:40;13;30;16;0;0;0
03-03-2021;11:00:47;60;0;0;0;0;0
03-03-2021;12:00:47;60;0;0;0;0;0
03-03-2021;13:00:15;60;0;0;0;0;0
03-03-2021;14:00:00;58;1;0;0;0;0
03-03-2021;15:00:29;13;29;16;0;0;0
03-03-2021;16:00:29;60;0;0;0;0;0
03-03-2021;17:00:50;60;0;0;0;0;0
03-03-2021;18:00:17;60;0;0;0;0;0
03-03-2021;19:00:58;10;31;17;0;0;0
03-03-2021;20:00:29;40;0;20;0;0;0
03-03-2021;21:00:29;60;0;0;0;0;0
03-03-2021;22:00:29;60;0;0;0;0;0
03-03-2021;23:00:29;60;0;0;0;0;0
03-03-2021;24:00:00;40;20;0;0;0;0
04-03-2021;01:00:28;40;19;0;0;0;0
04-03-2021;02:00:28;60;0;0;0;0;0
04-03-2021;03:00:34;60;0;0;0;0;0
04-03-2021;04:00:00;60;0;0;0;0;0
04-03-2021;05:00:00;60;0;0;0;0;0
04-03-2021;06:00:00;60;0;0;0;0;0
04-03-2021;07:00:04;60;0;0;0;0;0
04-03-2021;08:00:56;4;50;6;0;0;0
04-03-2021;09:00:44;38;22;0;0;0;0
04-03-2021;10:00:40;43;6;11;0;0;0
04-03-2021;11:00:01;49;10;0;0;0;0
04-03-2021;12:00:31;60;0;0;0;0;0
04-03-2021;13:00:31;60;0;0;0;0;0
04-03-2021;14:00:55;55;5;0;0;0;0
04-03-2021;15:00:25;4;44;12;0;0;0
04-03-2021;16:00:58;42;2;16;0;0;0
04-03-2021;17:00:26;30;28;0;0;0;0
04-03-2021;18:00:29;60;0;0;0;0;0
04-03-2021;19:00:29;60;0;0;0;0;0
04-03-2021;20:00:49;26;31;1;0;0;0
04-03-2021;21:00:05;34;3;21;0;0;0
04-03-2021;22:01:43;60;0;0;0;0;0
04-03-2021;23:00:53;60;0;0;0;0;0
04-03-2021;24:00:00;37;21;0;0;0;0
05-03-2021;01:00:26;58;1;0;0;0;0
05-03-2021;02:00:26;60;0;0;0;0;0
05-03-2021;03:00:26;60;0;0;0;0;0
05-03-2021;04:00:53;60;0;0;0;0;0
05-03-2021;05:00:00;60;0;0;0;0;0
05-03-2021;06:00:00;60;0;0;0;0;0
05-03-2021;07:00:53;60;0;0;0;0;0
05-03-2021;08:00:59;28;26;6;0;0;0
05-03-2021;09:00:43;49;11;0;0;0;0
05-03-2021;10:08:13;27;23;10;0;0;0
05-03-2021;11:00:23;48;10;0;0;0;0
05-03-2021;12:00:43;46;14;0;0;0;0
05-03-2021;13:00:24;26;20;6;0;8;0
05-03-2021;14:00:26;10;31;10;0;9;0
05-03-2021;15:00:38;18;11;29;0;0;0
05-03-2021;16:00:14;58;1;0;0;0;0
05-03-2021;17:00:14;60;0;0;0;0;0
05-03-2021;18:00:14;60;0;0;0;0;0
05-03-2021;19:00:31;60;0;0;0;0;0
05-03-2021;20:00:52;4;40;15;0;0;0
05-03-2021;21:00:52;60;0;0;0;0;0
05-03-2021;22:00:33;50;10;0;0;0;0
05-03-2021;23:00:41;55;3;0;0;0;0
05-03-2021;24:00:00;39;16;2;0;0;0
06-03-2021;01:00:10;60;0;0;0;0;0
06-03-2021;02:00:10;60;0;0;0;0;0
06-03-2021;03:00:10;60;0;0;0;0;0
06-03-2021;04:00:00;60;0;0;0;0;0
06-03-2021;05:00:00;60;0;0;0;0;0
06-03-2021;06:00:44;60;0;0;0;0;0
06-03-2021;07:00:44;60;0;0;0;0;0
06-03-2021;08:00:44;60;0;0;0;0;0
06-03-2021;09:00:44;60;0;0;0;0;0
06-03-2021;10:00:12;52;1;5;0;0;0
06-03-2021;11:01:12;57;0;2;0;0;0
06-03-2021;12:00:43;23;22;12;0;0;0
06-03-2021;13:00:43;44;16;0;0;0;0
06-03-2021;14:00:43;60;0;0;0;0;0
06-03-2021;15:00:43;60;0;0;0;0;0
06-03-2021;16:00:26;60;0;0;0;0;0
06-03-2021;17:01:03;27;25;8;0;0;0
06-03-2021;18:00:10;46;5;9;0;0;0
06-03-2021;19:00:10;60;0;0;0;0;0
06-03-2021;20:00:33;11;42;6;0;0;0
06-03-2021;21:00:10;29;2;26;0;0;0
06-03-2021;22:00:10;60;0;0;0;0;0
06-03-2021;23:00:10;60;0;0;0;0;0
06-03-2021;24:00:00;35;25;0;0;0;0
07-03-2021;01:00:29;23;36;0;0;0;0
07-03-2021;02:02:29;60;0;0;0;0;0
07-03-2021;03:00:29;60;0;0;0;0;0
07-03-2021;04:00:29;60;0;0;0;0;0
07-03-2021;05:00:00;60;0;0;0;0;0
07-03-2021;06:00:00;60;0;0;0;0;0
07-03-2021;07:00:10;60;0;0;0;0;0
07-03-2021;08:00:10;60;0;0;0;0;0
07-03-2021;09:00:10;60;0;0;0;0;0
07-03-2021;10:00:12;60;0;0;0;0;0
07-03-2021;11:01:10;30;21;8;0;0;0
07-03-2021;12:00:30;37;10;11;0;0;0
07-03-2021;13:00:02;47;12;0;0;0;0
07-03-2021;14:00:18;2;29;29;0;0;0
07-03-2021;15:00:51;42;16;0;0;0;0
07-03-2021;16:00:58;53;5;2;0;0;0
07-03-2021;17:00:15;60;0;0;0;0;0
07-03-2021;18:00:47;59;1;0;0;0;0
07-03-2021;19:00:47;13;41;5;0;0;0
07-03-2021;20:00:20;29;29;1;0;0;0
07-03-2021;21:00:20;29;30;0;0;0;0
07-03-2021;22:00:20;60;0;0;0;0;0
07-03-2021;23:00:10;60;0;0;0;0;0
07-03-2021;24:00:00;29;16;14;0;0;0
08-03-2021;01:00:20;36;23;0;0;0;0
08-03-2021;02:00:20;60;0;0;0;0;0
08-03-2021;03:00:11;60;0;0;0;0;0
08-03-2021;04:00:00;60;0;0;0;0;0
08-03-2021;05:00:00;60;0;0;0;0;0
08-03-2021;06:00:25;60;0;0;0;0;0
08-03-2021;07:35:25;60;0;0;0;0;0
08-03-2021;08:00:50;35;19;5;0;0;0
08-03-2021;09:00:18;60;0;0;0;0;0
08-03-2021;10:01:49;35;3;18;0;0;0
08-03-2021;11:00:29;53;0;7;0;0;0
08-03-2021;12:00:59;60;0;0;0;0;0
08-03-2021;13:00:59;60;0;0;0;0;0
08-03-2021;14:00:16;44;16;0;0;0;0
08-03-2021;15:00:55;13;8;40;0;0;0
08-03-2021;16:03:55;17;36;6;0;0;0
08-03-2021;17:31:25;7;42;0;0;10;0
08-03-2021;18:17:33;18;38;4;0;0;0
08-03-2021;19:00:37;60;0;0;0;0;0
08-03-2021;20:00:37;60;0;0;0;0;0
08-03-2021;21:00:37;60;0;0;0;0;0
08-03-2021;22:00:37;60;0;0;0;0;0
08-03-2021;23:00:37;60;0;0;0;0;0
08-03-2021;24:00:00;20;39;0;0;0;0
09-03-2021;01:00:44;39;21;0;0;0;0
09-03-2021;02:00:00;60;0;0;0;0;0
09-03-2021;03:00:00;60;0;0;0;0;0
09-03-2021;04:00:44;60;0;0;0;0;0
09-03-2021;05:00:44;60;0;0;0;0;0
09-03-2021;06:00:00;60;0;0;0;0;0
09-03-2021;07:00:44;60;0;0;0;0;0
09-03-2021;08:00:05;39;10;10;0;0;0
09-03-2021;09:02:23;60;0;0;0;0;0
09-03-2021;10:00:00;33;6;20;0;0;0
09-03-2021;11:00:40;60;0;0;0;0;0
09-03-2021;12:00:40;60;0;0;0;0;0
09-03-2021;13:00:40;60;0;0;0;0;0
09-03-2021;14:00:40;60;0;0;0;0;0
09-03-2021;15:00:40;60;0;0;0;0;0
09-03-2021;16:00:40;60;0;0;0;0;0
09-03-2021;17:00:40;45;15;0;0;0;0
09-03-2021;18:01:06;7;20;20;0;11;0
09-03-2021;19:00:40;33;8;18;0;0;0
09-03-2021;20:00:40;60;0;0;0;0;0
09-03-2021;21:00:40;26;34;0;0;0;0
09-03-2021;22:00:40;60;0;0;0;0;0
09-03-2021;23:00:40;60;0;0;0;0;0
09-03-2021;24:00:00;36;24;0;0;0;0
10-03-2021;01:00:31;40;20;0;0;0;0
10-03-2021;02:00:31;60;0;0;0;0;0
10-03-2021;03:00:10;60;0;0;0;0;0
10-03-2021;04:00:00;60;0;0;0;0;0
10-03-2021;05:00:00;60;0;0;0;0;0
10-03-2021;06:00:10;60;0;0;0;0;0
10-03-2021;07:00:10;60;0;0;0;0;0
10-03-2021;08:00:46;24;0;36;0;0;0
10-03-2021;09:00:40;60;0;0;0;0;0
10-03-2021;10:00:31;28;20;12;0;0;0
10-03-2021;11:00:53;19;22;10;0;9;0
10-03-2021;12:00:03;60;0;0;0;0;0
10-03-2021;13:00:07;60;0;0;0;0;0
10-03-2021;14:01:07;60;0;0;0;0;0
10-03-2021;15:01:39;9;15;35;0;0;0
10-03-2021;16:00:44;53;5;0;0;0;0
10-03-2021;17:00:08;60;0;0;0;0;0
10-03-2021;18:00:08;60;0;0;0;0;0
10-03-2021;19:00:36;29;15;15;0;0;0
10-03-2021;20:00:58;60;0;0;0;0;0
10-03-2021;21:00:58;60;0;0;0;0;0
10-03-2021;22:00:58;60;0;0;0;0;0
10-03-2021;23:00:39;60;0;0;0;0;0
10-03-2021;24:00:00;25;34;0;0;0;0
11-03-2021;01:00:09;40;19;0;0;0;0
11-03-2021;02:00:00;60;0;0;0;0;0
11-03-2021;03:00:00;60;0;0;0;0;0
11-03-2021;04:00:00;60;0;0;0;0;0
11-03-2021;05:00:00;60;0;0;0;0;0
11-03-2021;06:00:09;60;0;0;0;0;0
11-03-2021;07:01:09;60;0;0;0;0;0
11-03-2021;08:00:31;22;25;13;0;0;0
11-03-2021;09:00:01;49;3;7;0;0;0
11-03-2021;10:00:56;49;3;8;0;0;0
11-03-2021;11:00:56;60;0;0;0;0;0
11-03-2021;12:00:56;60;0;0;0;0;0
11-03-2021;13:00:56;15;44;0;0;0;0
11-03-2021;14:00:56;60;0;0;0;0;0
11-03-2021;15:00:20;60;0;0;0;0;0
11-03-2021;16:00:59;58;2;0;0;0;0
11-03-2021;17:00:17;21;14;25;0;0;0
11-03-2021;18:00:39;30;30;0;0;0;0
11-03-2021;19:00:39;60;0;0;0;0;0
11-03-2021;20:00:23;10;22;27;0;0;0
11-03-2021;21:00:05;51;3;5;0;0;0
11-03-2021;22:00:44;27;33;0;0;0;0
11-03-2021;23:00:58;24;33;2;0;0;0
11-03-2021;24:00:00;41;19;0;0;0;0
12-03-2021;01:00:10;50;8;0;0;0;0
12-03-2021;02:00:10;60;0;0;0;0;0
12-03-2021;03:00:00;60;0;0;0;0;0
12-03-2021;04:00:00;60;0;0;0;0;0
12-03-2021;05:00:26;60;0;0;0;0;0
12-03-2021;06:00:26;60;0;0;0;0;0
12-03-2021;07:00:26;60;0;0;0;0;0
12-03-2021;08:00:50;36;23;0;0;0;0
12-03-2021;09:00:40;60;0;0;0;0;0
12-03-2021;10:00:40;33;21;5;0;0;0
12-03-2021;11:00:40;60;0;0;0;0;0
12-03-2021;12:00:40;35;24;0;0;0;0
12-03-2021;13:00:40;4;47;8;0;0;0
12-03-2021;14:00:49;15;35;9;0;0;0
12-03-2021;15:01:36;60;0;0;0;0;0
12-03-2021;16:00:01;43;12;5;0;0;0
12-03-2021;17:00:32;40;20;0;0;0;0
12-03-2021;18:00:30;23;27;10;0;0;0
12-03-2021;19:00:30;60;0;0;0;0;0
12-03-2021;20:00:45;10;40;10;0;0;0
12-03-2021;21:00:45;60;0;0;0;0;0
12-03-2021;22:00:45;60;0;0;0;0;0
12-03-2021;23:00:05;60;0;0;0;0;0
12-03-2021;24:00:00;43;16;0;0;0;0
13-03-2021;01:00:57;45;15;0;0;0;0
13-03-2021;02:00:57;60;0;0;0;0;0
13-03-2021;03:00:57;60;0;0;0;0;0
13-03-2021;04:00:00;60;0;0;0;0;0
13-03-2021;05:00:57;60;0;0;0;0;0
13-03-2021;06:00:57;60;0;0;0;0;0
13-03-2021;07:00:57;60;0;0;0;0;0
13-03-2021;08:00:57;30;20;9;0;0;0
13-03-2021;09:00:57;50;3;6;0;0;0
13-03-2021;10:00:57;60;0;0;0;0;0
13-03-2021;11:00:57;60;0;0;0;0;0
13-03-2021;12:00:57;60;0;0;0;0;0
13-03-2021;13:00:57;57;3;0;0;0;0
13-03-2021;14:00:57;60;0;0;0;0;0
13-03-2021;15:00:57;60;0;0;0;0;0
13-03-2021;16:00:53;1;41;16;0;0;0
13-03-2021;17:00:57;60;0;0;0;0;0
13-03-2021;18:00:57;32;27;0;0;0;0
13-03-2021;19:00:57;36;8;13;0;0;0
13-03-2021;20:00:57;60;0;0;0;0;0
13-03-2021;21:00:57;60;0;0;0;0;0
13-03-2021;22:00:57;38;22;0;0;0;0
13-03-2021;23:00:57;60;0;0;0;0;0
13-03-2021;24:00:00;37;22;0;0;0;0
14-03-2021;01:00:23;42;17;0;0;0;0
14-03-2021;02:00:23;60;0;0;0;0;0
14-03-2021;03:00:23;60;0;0;0;0;0
14-03-2021;04:00:00;60;0;0;0;0;0
14-03-2021;05:00:00;60;0;0;0;0;0
14-03-2021;06:00:23;60;0;0;0;0;0
14-03-2021;07:00:23;60;0;0;0;0;0
14-03-2021;08:00:23;60;0;0;0;0;0
14-03-2021;09:00:23;60;0;0;0;0;0
14-03-2021;10:01:05;49;10;0;0;0;0
14-03-2021;11:00:23;17;34;9;0;0;0
14-03-2021;12:00:23;60;0;0;0;0;0
14-03-2021;13:00:08;2;15;42;0;0;0
14-03-2021;14:00:23;54;0;6;0;0;0
14-03-2021;15:00:23;42;14;4;0;0;0
14-03-2021;16:00:23;60;0;0;0;0;0
14-03-2021;17:00:23;60;0;0;0;0;0
14-03-2021;18:00:23;50;2;6;0;0;0
14-03-2021;19:00:23;31;27;0;0;0;0
14-03-2021;20:00:23;38;11;9;0;0;0
14-03-2021;21:00:23;60;0;0;0;0;0
14-03-2021;22:01:23;60;0;0;0;0;0
14-03-2021;23:01:23;60;0;0;0;0;0
14-03-2021;24:00:00;40;19;0;0;0;0
15-03-2021;01:00:22;40;20;0;0;0;0
15-03-2021;02:00:22;60;0;0;0;0;0
15-03-2021;03:00:22;60;0;0;0;0;0
15-03-2021;04:00:00;60;0;0;0;0;0
15-03-2021;05:00:00;60;0;0;0;0;0
15-03-2021;06:00:22;60;0;0;0;0;0
15-03-2021;07:00:22;60;0;0;0;0;0
15-03-2021;08:00:22;60;0;0;0;0;0
15-03-2021;09:00:22;29;22;9;0;0;0
15-03-2021;10:00:02;27;23;10;0;0;0
15-03-2021;11:00:49;12;24;19;0;5;0
15-03-2021;12:00:22;60;0;0;0;0;0
15-03-2021;13:00:22;57;2;0;0;0;0
15-03-2021;14:00:22;60;0;0;0;0;0
15-03-2021;15:00:22;60;0;0;0;0;0
15-03-2021;16:00:14;1;54;4;0;0;0
15-03-2021;17:00:22;16;4;26;0;12;0
15-03-2021;18:00:00;60;0;0;0;0;0
15-03-2021;19:00:22;47;2;9;0;0;0
15-03-2021;20:00:22;60;0;0;0;0;0
15-03-2021;21:00:22;60;0;0;0;0;0
15-03-2021;22:00:22;60;0;0;0;0;0
15-03-2021;23:00:22;60;0;0;0;0;0
15-03-2021;24:00:00;36;23;0;0;0;0
16-03-2021;01:00:45;31;28;0;0;0;0
16-03-2021;02:00:45;60;0;0;0;0;0
16-03-2021;03:00:45;60;0;0;0;0;0
16-03-2021;04:00:45;60;0;0;0;0;0
16-03-2021;05:00:00;60;0;0;0;0;0
16-03-2021;06:00:00;60;0;0;0;0;0
16-03-2021;07:00:45;60;0;0;0;0;0
16-03-2021;08:00:14;36;11;13;0;0;0
16-03-2021;09:00:45;60;0;0;0;0;0
16-03-2021;10:00:45;40;6;12;0;0;0
16-03-2021;011:00:00;60;0;0;0;0;0
16-03-2021;012:00:00;60;0;0;0;0;0
16-03-2021;013:00:00;60;0;0;0;0;0
16-03-2021;014:00:00;60;0;0;0;0;0
16-03-2021;15:00:45;60;0;0;0;0;0
16-03-2021;16:00:12;32;27;0;0;0;0
16-03-2021;17:00:45;30;18;12;0;0;0
16-03-2021;18:00:45;60;0;0;0;0;0
16-03-2021;19:00:45;60;0;0;0;0;0
16-03-2021;20:00:31;39;6;13;0;0;0
16-03-2021;21:00:45;57;2;0;0;0;0
16-03-2021;22:00:45;60;0;0;0;0;0
16-03-2021;23:00:45;37;22;0;0;0;0
16-03-2021;24:00:00;38;22;0;0;0;0
17-03-2021;01:01:37;40;20;0;0;0;0
17-03-2021;02:00:37;60;0;0;0;0;0
17-03-2021;03:00:00;60;0;0;0;0;0
17-03-2021;04:00:00;60;0;0;0;0;0
17-03-2021;05:01:36;60;0;0;0;0;0
17-03-2021;06:00:37;60;0;0;0;0;0
17-03-2021;07:00:37;60;0;0;0;0;0
17-03-2021;08:00:07;41;19;0;0;0;0
17-03-2021;09:01:37;46;7;6;0;0;0
17-03-2021;10:00:59;24;18;17;0;0;0
17-03-2021;11:01:37;60;0;0;0;0;0
17-03-2021;12:00:37;40;8;12;0;0;0
17-03-2021;13:00:37;60;0;0;0;0;0
17-03-2021;14:00:37;60;0;0;0;0;0
17-03-2021;15:00:37;7;11;40;0;0;0
17-03-2021;16:00:37;60;0;0;0;0;0
17-03-2021;17:00:37;60;0;0;0;0;0
17-03-2021;18:00:37;60;0;0;0;0;0
17-03-2021;19:00:52;30;8;22;0;0;0
17-03-2021;20:00:37;55;4;0;0;0;0
17-03-2021;21:00:37;60;0;0;0;0;0
17-03-2021;22:00:37;60;0;0;0;0;0
17-03-2021;23:00:37;60;0;0;0;0;0
17-03-2021;24:00:00;33;26;0;0;0;0
18-03-2021;01:00:08;51;9;0;0;0;0
18-03-2021;02:00:08;60;0;0;0;0;0
18-03-2021;03:00:08;60;0;0;0;0;0
18-03-2021;04:00:08;60;0;0;0;0;0
18-03-2021;05:00:00;60;0;0;0;0;0
18-03-2021;06:00:00;60;0;0;0;0;0
18-03-2021;07:00:08;60;0;0;0;0;0
18-03-2021;08:01:14;23;30;6;0;0;0
18-03-2021;09:00:08;51;9;0;0;0;0
18-03-2021;10:00:08;33;12;13;0;0;0
18-03-2021;11:00:08;60;0;0;0;0;0
18-03-2021;12:00:08;60;0;0;0;0;0
18-03-2021;13:00:54;12;40;7;0;0;0
18-03-2021;14:00:08;60;0;0;0;0;0
18-03-2021;15:00:08;60;0;0;0;0;0
18-03-2021;16:01:13;26;19;0;0;14;0
18-03-2021;17:00:08;21;13;26;0;0;0
18-03-2021;18:00:34;41;2;13;0;0;3
18-03-2021;19:00:08;60;0;0;0;0;0
18-03-2021;20:00:08;60;0;0;0;0;0
18-03-2021;21:00:08;60;0;0;0;0;0
18-03-2021;22:00:08;29;29;0;0;0;0
18-03-2021;23:00:08;60;0;0;0;0;0
18-03-2021;24:00:00;18;41;0;0;0;0
19-03-2021;01:00:20;36;23;0;0;0;0
19-03-2021;02:00:20;60;0;0;0;0;0
19-03-2021;03:00:20;60;0;0;0;0;0
19-03-2021;04:00:00;60;0;0;0;0;0
19-03-2021;05:00:00;60;0;0;0;0;0
19-03-2021;06:00:00;60;0;0;0;0;0
19-03-2021;07:00:00;60;0;0;0;0;0
19-03-2021;08:00:20;60;0;0;0;0;0
19-03-2021;09:00:20;19;39;0;0;0;0
19-03-2021;10:00:20;27;32;0;0;0;0
19-03-2021;11:00:20;37;11;5;0;6;0
19-03-2021;12:00:29;8;43;8;0;0;0
19-03-2021;13:00:20;27;14;18;0;0;0
19-03-2021;14:00:20;60;0;0;0;0;0
19-03-2021;15:00:20;60;0;0;0;0;0
19-03-2021;16:00:20;60;0;0;0;0;0
19-03-2021;17:00:20;60;0;0;0;0;0
19-03-2021;18:00:20;57;3;0;0;0;0
19-03-2021;19:00:20;44;5;10;0;0;0
19-03-2021;20:00:12;35;24;0;0;0;0
19-03-2021;21:00:20;57;2;0;0;0;0
19-03-2021;22:00:20;60;0;0;0;0;0
19-03-2021;23:00:20;60;0;0;0;0;0
19-03-2021;24:00:00;26;33;0;0;0;0
20-03-2021;01:00:18;38;21;0;0;0;0
20-03-2021;02:00:18;60;0;0;0;0;0
20-03-2021;03:00:18;60;0;0;0;0;0
20-03-2021;04:00:18;60;0;0;0;0;0
20-03-2021;05:00:18;60;0;0;0;0;0
20-03-2021;06:00:00;60;0;0;0;0;0
20-03-2021;07:00:00;60;0;0;0;0;0
20-03-2021;08:00:18;60;0;0;0;0;0
20-03-2021;09:00:18;46;13;0;0;0;0
20-03-2021;10:00:18;41;12;7;0;0;0
20-03-2021;11:00:18;22;31;7;0;0;0
20-03-2021;12:00:18;36;16;7;0;0;0
20-03-2021;13:00:18;24;6;29;0;0;0
20-03-2021;14:00:18;30;26;4;0;0;0
20-03-2021;15:00:18;60;0;0;0;0;0
20-03-2021;16:00:09;21;38;0;0;0;0
20-03-2021;17:02:26;24;29;5;0;0;0
20-03-2021;18:00:18;21;39;0;0;0;0
20-03-2021;19:00:18;60;0;0;0;0;0
20-03-2021;20:00:18;30;19;11;0;0;0
20-03-2021;21:00:18;60;0;0;0;0;0
20-03-2021;22:00:18;40;18;0;0;0;0
20-03-2021;23:01:27;8;50;0;0;0;0
20-03-2021;24:00:00;23;35;0;0;0;0
21-03-2021;01:00:28;40;20;0;0;0;0
21-03-2021;02:00:28;60;0;0;0;0;0
21-03-2021;03:00:28;60;0;0;0;0;0
21-03-2021;04:00:00;60;0;0;0;0;0
21-03-2021;05:00:00;60;0;0;0;0;0
21-03-2021;06:00:28;60;0;0;0;0;0
21-03-2021;07:00:28;60;0;0;0;0;0
21-03-2021;08:00:28;60;0;0;0;0;0
21-03-2021;09:00:28;38;16;6;0;0;0
21-03-2021;10:00:21;38;4;8;0;0;0
21-03-2021;11:00:28;50;4;6;0;0;0
21-03-2021;12:00:26;30;21;8;0;0;0
21-03-2021;13:00:28;24;10;25;0;0;0
21-03-2021;14:00:52;10;50;0;0;0;0
21-03-2021;15:00:28;60;0;0;0;0;0
21-03-2021;16:01:46;18;37;4;0;0;0
21-03-2021;17:00:28;48;5;7;0;0;0
21-03-2021;18:00:28;15;35;12;0;0;0
21-03-2021;19:00:28;60;0;0;0;0;0
21-03-2021;20:00:28;60;0;0;0;0;0
21-03-2021;21:00:28;60;0;0;0;0;0
21-03-2021;22:00:28;60;0;0;0;0;0
21-03-2021;23:00:28;38;19;3;0;0;0
21-03-2021;24:00:00;41;19;0;0;0;0
22-03-2021;01:00:47;39;21;0;0;0;0
22-03-2021;02:00:47;60;0;0;0;0;0
22-03-2021;03:00:00;60;0;0;0;0;0
22-03-2021;04:00:00;60;0;0;0;0;0
22-03-2021;05:00:47;60;0;0;0;0;0
22-03-2021;06:00:47;60;0;0;0;0;0
22-03-2021;07:00:00;60;0;0;0;0;0
22-03-2021;08:00:47;60;0;0;0;0;0
22-03-2021;09:00:47;25;29;5;0;0;0
22-03-2021;10:00:47;60;0;0;0;0;0
22-03-2021;11:02:33;16;27;16;0;0;0
22-03-2021;12:00:47;50;2;5;0;0;0
22-03-2021;13:00:47;60;0;0;0;0;0
22-03-2021;14:00:47;60;0;0;0;0;0
22-03-2021;15:00:47;60;0;0;0;0;0
22-03-2021;16:00:23;6;44;9;0;0;0
22-03-2021;17:00:47;35;5;20;0;0;0
22-03-2021;18:00:47;60;0;0;0;0;0
22-03-2021;19:00:47;34;19;5;0;0;0
22-03-2021;20:00:47;30;29;0;0;0;0
22-03-2021;21:00:47;12;46;0;0;0;0
22-03-2021;22:00:47;60;0;0;0;0;0
22-03-2021;23:00:56;12;45;3;0;0;0
22-03-2021;24:00:00;58;2;0;0;0;0
